100220864
10032112
101061938
101311381
101651259
101858534
102103955
10221
10228272
1026321
103065157
10336
10350
1040391
104249727
105001940
105119490
105145017
105297123
1058847528
105895323
1059801
106667708
10671602
106845822
107122128
107146095
107795399
10810102
108247668
108361327
10850192
10876852
109705251
10984852
11009852
11026952
110783489
11347122
11348282
11435642
115485051
116362700
1175221
117814006
1183041
11856342
118724265
119159695
119985283
120943272
121149217
12133382
12330502
1239671
124242102
124335068
126571977
1266281
127566622
129911948
13041
130614309
132385468
132553940
13348
1344951
136013235
1360671
137117427
13929092
14048901
14056454
14075928
14085070
14117843
14123683
14134204
141664648
14173315
14179471
14206711
14213711
14216123
14219877
14230524
14245872
14246088
14276189
14287286
14293310
14305530
14331688
14353392
14363353
14364049
14365353
14368048
14372486
14397792
14399483
144003355
14402059
14405393
14411797
14437914
144380789
14502789
14511951
14539425
14562714
14563376
14580438
14595245
14622632
14645160
147093
14790817
14790966
14824849
14872237
14885860
14907774
14920785
14946311
14974994
150723197
15087120
15112249
15131310
15155074
15164565
15166316
15169196
15169907
15175368
151913390
15204799
15227791
1532061
15388274
15451591
15458833
154605679
15475354
15485441
155659213
15584187
15588657
155927976
156132825
15631238
15635604
15651878
15666380
15676492
15677036
15687962
15739966
15790423
15821039
158314798
15846407
158487331
1586501
16050554
16113204
16116482
1614411
16145224
16184358
16190898
16193578
162086864
16212685
16219226
16225240
16228398
16264006
16273831
16303106
16365636
16409683
1652541
16548023
16582027
16589365
166273518
16664681
166739404
16718824
16727535
1677721
16812787
16827333
16895295
16913418
16954487
17004618
17088779
17093617
171160722
17134268
17137891
17166088
17196684
17225211
17241895
17243213
17266725
17337554
17396212
17399269
17452869
17471979
17540485
17549677
17597050
176566242
17681513
17696167
17715048
17790274
178077812
17842366
17919972
180505807
18080969
18091904
18138971
18139461
18139619
18173624
18219976
18222378
18228898
18297088
18307364
18332190
18479513
18481641
18484314
184910040
18510860
18520242
185314895
18552281
18577817
18622869
186386857
18676177
18681139
18735898
18750157
18776605
18780000
18780567
18812301
18819574
18847632
18863815
18906599
18927441
189283341
19008972
19018401
19058681
19195914
19196415
19248106
19272244
19329393
19330043
19332645
19373710
19380829
19390810
19397785
19404587
19418459
19562228
19571299
19583545
19637934
19644356
19691643
19709040
19720019
1976841
19923144
1994321
19980499
19982092
200163448
20106852
20175837
20177423
202416362
20248093
20265254
20268490
203144854
20322929
20346956
20348431
203846782
20432727
204491797
20477352
20536157
205392468
205967864
20609518
20632796
20696985
20710809
20713061
20731304
20793816
208155240
20823773
20931880
209708391
20978103
210938747
21111883
21188490
21219827
212265984
21232507
21271656
21308602
21324258
21425125
2142731
21447363
216011343
216383292
21701757
2172
217518231
21774892
21879024
21915666
21955058
21982720
22185437
22289742
22412376
224223563
22536055
22650211
22657153
22679419
22692199
22720074
227390518
227480273
227750902
227837742
22832029
22872308
22910295
22940219
23083404
23135183
23151437
23186079
23375688
234782444
234907944
23504870
23514666
23563916
23605048
23648057
2367911
2384071
238475531
239313282
23976386
24060155
240734425
24130284
242430253
24278900
24325657
243381107
24447643
245460742
245464594
2459371
2463721
2467791
24691376
247072865
24727891
24741517
24886570
24925573
24929621
24966423
250393216
25365536
25383000
254295223
255126571
25521487
2557521
256239970
256495314
259379883
25970331
26090319
26257166
263886305
26516576
26565946
26729931
267494959
26787673
268414482
26858764
27042513
270535212
27115071
274119641
27476141
275686563
27624085
27650674
27760317
27806987
2803191
28054681
28076276
28165910
28204769
28245852
2836421
28384755
28706024
28785486
2883841
290097288
291003573
29246914
29441764
29442313
29486072
29546364
29608684
29724393
30023434
30040682
3004231
30098421
30100884
30104231
30261067
30309979
30313925
30315557
304043771
304287573
30782495
30973
3108351
31090827
31311757
31444922
314662792
314792669
31498161
316756361
31824920
31927467
32036992
323319539
32453930
32468665
32621370
32625314
326359913
32668921
330131088
33047165
3364
33645850
338540061
33873560
3393521
33995409
34036028
34097876
34171224
34258758
343447873
34442404
344634424
344793253
34613288
346742249
34696511
34743251
3476
348379865
35028422
35094637
352145373
352668196
35450943
35646585
35693211
35880417
36008570
36098990
362286999
36483808
37008705
372960507
37718134
380399508
38170974
38232487
3829151
3840
385895615
386654472
38826495
39203045
39325978
3948041
39800373
40101400
40255499
40361513
40519997
40908929
40918816
40927173
41024430
41109736
41147159
41269095
41384170
414207210
41606452
41865658
41909879
42384760
42420346
42513459
42519612
42755827
428333
429005626
429227921
42927636
43003845
43023158
43024351
43132532
43152482
43849871
44409004
44770583
4519121
4603781
46116615
46186400
46233559
46247180
46452468
46475424
467663852
47288005
47384430
47459700
475045928
47539748
47982751
4816
48332360
48360631
4898091
492399548
49573859
4970411
497267149
49751816
50037051
50062886
50238804
50393960
50466186
5062341
50687788
50883209
5120691
51283621
51658431
51967094
52344859
52422878
53153263
53853197
5388852
54341363
54387680
54926948
55010030
5520952
56377143
56505125
56736161
56783491
5695632
57016932
570218986
57261519
5746402
58233603
58309829
5845242
58560480
58598187
59156773
5920532
592700022
59624844
5988062
6085962
6186392
6267962
62902439
62988756
63253045
6329632
635013792
6351572
637346718
6395222
6427882
6446742
6476742
648523
650543
65104337
65184105
652193
65473559
6595682
66395780
66408053
66515223
6741632
67418441
67995848
68412310
68795677
68818413
68844197
688583
69183155
69231483
6978642
70246837
70553530
70799317
71026122
71174380
71238740
71453
717313
71992623
7235292
72644483
72694909
72946493
72970581
732773
73443014
73992972
740983
7426632
74469703
74561169
74942879
7517222
755953153
756278
759251
767
767396
768579
774096
77810669
778446
77888423
78021221
7831092
7861312
78767466
79293791
79536438
79650494
80200744
807095
8071052
808627
810129
811350
8115312
8115852
813286
8159472
816653
817113
818340
818647
8241232
824157
82453323
8283082
84279963
8453452
85426644
85452649
85603854
858051
8771022
8856442
89084561
90836187
91478624
930061
9317502
94339403
9456442
9457522
94631526
95023423
95431448
96771618
96951800
972651
97379434
9850782
9866582
98955572
